+----------+------+-----+-----+-----+-----+-----------------------+------+-----+-----+---------+
|   Estado |   \| |   ° |   ⁺ |   * |   ? |   !,\|,°,⁺,*,?,\\,(,) |   \\ |   ( |   ) |   Token |
+==========+======+=====+=====+=====+=====+=======================+======+=====+=====+=========+
|        0 |    1 |   2 |   3 |   4 |   5 |                     6 |    7 |   8 |   9 |      60 |
+----------+------+-----+-----+-----+-----+-----------------------+------+-----+-----+---------+
|        1 |   -1 |  -1 |  -1 |  -1 |  -1 |                    -1 |   -1 |  -1 |  -1 |      10 |
+----------+------+-----+-----+-----+-----+-----------------------+------+-----+-----+---------+
|        2 |   -1 |  -1 |  -1 |  -1 |  -1 |                    -1 |   -1 |  -1 |  -1 |      20 |
+----------+------+-----+-----+-----+-----+-----------------------+------+-----+-----+---------+
|        3 |   -1 |  -1 |  -1 |  -1 |  -1 |                    -1 |   -1 |  -1 |  -1 |      30 |
+----------+------+-----+-----+-----+-----+-----------------------+------+-----+-----+---------+
|        4 |   -1 |  -1 |  -1 |  -1 |  -1 |                    -1 |   -1 |  -1 |  -1 |      40 |
+----------+------+-----+-----+-----+-----+-----------------------+------+-----+-----+---------+
|        5 |   -1 |  -1 |  -1 |  -1 |  -1 |                    -1 |   -1 |  -1 |  -1 |      50 |
+----------+------+-----+-----+-----+-----+-----------------------+------+-----+-----+---------+
|        6 |   -1 |  -1 |  -1 |  -1 |  -1 |                    -1 |   -1 |  -1 |  -1 |      60 |
+----------+------+-----+-----+-----+-----+-----------------------+------+-----+-----+---------+
|        7 |   -1 |  -1 |  -1 |  -1 |  -1 |                    -1 |   -1 |  -1 |  -1 |      70 |
+----------+------+-----+-----+-----+-----+-----------------------+------+-----+-----+---------+
|        8 |   -1 |  -1 |  -1 |  -1 |  -1 |                    -1 |   -1 |  -1 |  -1 |      80 |
+----------+------+-----+-----+-----+-----+-----------------------+------+-----+-----+---------+
|        9 |   -1 |  -1 |  -1 |  -1 |  -1 |                    -1 |   -1 |  -1 |  -1 |      81 |
+----------+------+-----+-----+-----+-----+-----------------------+------+-----+-----+---------+