+----------+-----+-----+-----+-----+-----+-----+-----+-----+-----+-----+-----+-----+-----+-----+-----+-----+---------+
|   Estado |   S |   D |   . |   F |   J |   K |   S |   D |   . |   F |   J |   K |   A |   B |   P |   X |   Token |
+==========+=====+=====+=====+=====+=====+=====+=====+=====+=====+=====+=====+=====+=====+=====+=====+=====+=========+
|        0 |   1 |   2 |  -1 |  -1 |  -1 |  -1 |   1 |   2 |  -1 |  -1 |  -1 |  -1 |   3 |   4 |   5 |   6 |      20 |
+----------+-----+-----+-----+-----+-----+-----+-----+-----+-----+-----+-----+-----+-----+-----+-----+-----+---------+
|        1 |  -1 |   2 |  -1 |  -1 |  -1 |  -1 |  -1 |   2 |  -1 |  -1 |  -1 |  -1 |  -1 |  -1 |  -1 |  -1 |      -1 |
+----------+-----+-----+-----+-----+-----+-----+-----+-----+-----+-----+-----+-----+-----+-----+-----+-----+---------+
|        2 |  -1 |   2 |   7 |  -1 |  -1 |  -1 |  -1 |   2 |   7 |  -1 |  -1 |  -1 |  -1 |  -1 |  -1 |  -1 |      -1 |
+----------+-----+-----+-----+-----+-----+-----+-----+-----+-----+-----+-----+-----+-----+-----+-----+-----+---------+
|        3 |  -1 |  -1 |  -1 |  -1 |  -1 |  -1 |  -1 |  -1 |  -1 |  -1 |  -1 |  -1 |   3 |   4 |   5 |  -1 |      -1 |
+----------+-----+-----+-----+-----+-----+-----+-----+-----+-----+-----+-----+-----+-----+-----+-----+-----+---------+
|        4 |  -1 |  -1 |  -1 |  -1 |  -1 |  -1 |  -1 |  -1 |  -1 |  -1 |  -1 |  -1 |   3 |   4 |   5 |  -1 |      -1 |
+----------+-----+-----+-----+-----+-----+-----+-----+-----+-----+-----+-----+-----+-----+-----+-----+-----+---------+
|        5 |  -1 |  -1 |  -1 |  -1 |  -1 |  -1 |  -1 |  -1 |  -1 |  -1 |  -1 |  -1 |  -1 |  -1 |   5 |  -1 |      20 |
+----------+-----+-----+-----+-----+-----+-----+-----+-----+-----+-----+-----+-----+-----+-----+-----+-----+---------+
|        6 |  -1 |  -1 |  -1 |  -1 |  -1 |  -1 |  -1 |  -1 |  -1 |  -1 |  -1 |  -1 |  -1 |  -1 |  -1 |   6 |      20 |
+----------+-----+-----+-----+-----+-----+-----+-----+-----+-----+-----+-----+-----+-----+-----+-----+-----+---------+
|        7 |  -1 |   8 |  -1 |  -1 |  -1 |  -1 |  -1 |   8 |  -1 |  -1 |  -1 |  -1 |  -1 |  -1 |  -1 |  -1 |      -1 |
+----------+-----+-----+-----+-----+-----+-----+-----+-----+-----+-----+-----+-----+-----+-----+-----+-----+---------+
|        8 |  -1 |   8 |  -1 |   9 |   0 |   1 |  -1 |   8 |  -1 |   9 |   0 |   1 |  -1 |  -1 |  -1 |  -1 |      10 |
+----------+-----+-----+-----+-----+-----+-----+-----+-----+-----+-----+-----+-----+-----+-----+-----+-----+---------+
|        9 |  -1 |  -1 |  -1 |   9 |   0 |   1 |  -1 |  -1 |  -1 |   9 |   0 |   1 |  -1 |  -1 |  -1 |  -1 |      10 |
+----------+-----+-----+-----+-----+-----+-----+-----+-----+-----+-----+-----+-----+-----+-----+-----+-----+---------+
|        0 |  -1 |  -1 |  -1 |   9 |   0 |   1 |  -1 |  -1 |  -1 |   9 |   0 |   1 |  -1 |  -1 |  -1 |  -1 |      10 |
+----------+-----+-----+-----+-----+-----+-----+-----+-----+-----+-----+-----+-----+-----+-----+-----+-----+---------+
|        1 |  -1 |  -1 |  -1 |   9 |   0 |   1 |  -1 |  -1 |  -1 |   9 |   0 |   1 |  -1 |  -1 |  -1 |  -1 |      10 |
+----------+-----+-----+-----+-----+-----+-----+-----+-----+-----+-----+-----+-----+-----+-----+-----+-----+---------+