+----------+-----+-----+-----+-----+-----+-----+-----+-----+-----+---------+
|   Estado |   S |   D |   . |   L |   T |   M |   P |   A |   B |   Token |
+==========+=====+=====+=====+=====+=====+=====+=====+=====+=====+=========+
|        0 |   1 |   2 |  -1 |   3 |   4 |   5 |   6 |   7 |   8 |      -1 |
+----------+-----+-----+-----+-----+-----+-----+-----+-----+-----+---------+
|        1 |  -1 |   2 |  -1 |  -1 |  -1 |  -1 |  -1 |  -1 |  -1 |      -1 |
+----------+-----+-----+-----+-----+-----+-----+-----+-----+-----+---------+
|        2 |  -1 |   2 |   9 |  -1 |  -1 |  -1 |  -1 |  -1 |  -1 |      10 |
+----------+-----+-----+-----+-----+-----+-----+-----+-----+-----+---------+
|        3 |  -1 |  10 |  -1 |  11 |  -1 |  -1 |  -1 |  -1 |  -1 |      30 |
+----------+-----+-----+-----+-----+-----+-----+-----+-----+-----+---------+
|        4 |  -1 |  -1 |  -1 |  -1 |   4 |  -1 |  -1 |  -1 |  -1 |      40 |
+----------+-----+-----+-----+-----+-----+-----+-----+-----+-----+---------+
|        5 |  -1 |  -1 |  -1 |  -1 |  -1 |  12 |  -1 |  -1 |  -1 |      60 |
+----------+-----+-----+-----+-----+-----+-----+-----+-----+-----+---------+
|        6 |  -1 |  -1 |  -1 |  -1 |  -1 |  -1 |  -1 |  -1 |  -1 |      70 |
+----------+-----+-----+-----+-----+-----+-----+-----+-----+-----+---------+
|        7 |  -1 |  -1 |  -1 |  -1 |  -1 |  -1 |  -1 |  -1 |  -1 |      80 |
+----------+-----+-----+-----+-----+-----+-----+-----+-----+-----+---------+
|        8 |  -1 |  -1 |  -1 |  -1 |  -1 |  -1 |  -1 |  -1 |  -1 |      90 |
+----------+-----+-----+-----+-----+-----+-----+-----+-----+-----+---------+
|        9 |  -1 |  13 |  -1 |  -1 |  -1 |  -1 |  -1 |  -1 |  -1 |      -1 |
+----------+-----+-----+-----+-----+-----+-----+-----+-----+-----+---------+
|       10 |  -1 |  10 |  -1 |  11 |  -1 |  -1 |  -1 |  -1 |  -1 |      30 |
+----------+-----+-----+-----+-----+-----+-----+-----+-----+-----+---------+
|       11 |  -1 |  10 |  -1 |  11 |  -1 |  -1 |  -1 |  -1 |  -1 |      30 |
+----------+-----+-----+-----+-----+-----+-----+-----+-----+-----+---------+
|       12 |  -1 |  -1 |  -1 |  -1 |  -1 |  -1 |  -1 |  -1 |  -1 |      50 |
+----------+-----+-----+-----+-----+-----+-----+-----+-----+-----+---------+
|       13 |  -1 |  13 |  -1 |  -1 |  -1 |  -1 |  -1 |  -1 |  -1 |      20 |
+----------+-----+-----+-----+-----+-----+-----+-----+-----+-----+---------+