+----------+------+-----+-----+-----+-----+---------------------+------+-----+-----+---------+
|   Estado |   \| |   ° |   ⁺ |   * |   ? |   !,\|,°,⁺,*,(,),\\ |   \\ |   ( |   ) |   Token |
+==========+======+=====+=====+=====+=====+=====================+======+=====+=====+=========+
|        0 |    1 |   2 |   3 |   4 |   5 |                   6 |    7 |   8 |   9 |      -1 |
+----------+------+-----+-----+-----+-----+---------------------+------+-----+-----+---------+
|        1 |   -1 |  -1 |  -1 |  -1 |  -1 |                  -1 |   -1 |  -1 |  -1 |      10 |
+----------+------+-----+-----+-----+-----+---------------------+------+-----+-----+---------+
|        2 |   -1 |  -1 |  -1 |  -1 |  -1 |                  -1 |   -1 |  -1 |  -1 |      20 |
+----------+------+-----+-----+-----+-----+---------------------+------+-----+-----+---------+
|        3 |   -1 |  -1 |  -1 |  -1 |  -1 |                  -1 |   -1 |  -1 |  -1 |      30 |
+----------+------+-----+-----+-----+-----+---------------------+------+-----+-----+---------+
|        4 |   -1 |  -1 |  -1 |  -1 |  -1 |                  -1 |   -1 |  -1 |  -1 |      40 |
+----------+------+-----+-----+-----+-----+---------------------+------+-----+-----+---------+
|        5 |   -1 |  -1 |  -1 |  -1 |  -1 |                  -1 |   -1 |  -1 |  -1 |      50 |
+----------+------+-----+-----+-----+-----+---------------------+------+-----+-----+---------+
|        6 |   -1 |  -1 |  -1 |  -1 |  -1 |                  -1 |   -1 |  -1 |  -1 |      60 |
+----------+------+-----+-----+-----+-----+---------------------+------+-----+-----+---------+
|        7 |   10 |  11 |  12 |  13 |  14 |                  -1 |   -1 |  15 |  16 |      -1 |
+----------+------+-----+-----+-----+-----+---------------------+------+-----+-----+---------+
|        8 |   -1 |  -1 |  -1 |  -1 |  -1 |                  -1 |   -1 |  -1 |  -1 |      70 |
+----------+------+-----+-----+-----+-----+---------------------+------+-----+-----+---------+
|        9 |   -1 |  -1 |  -1 |  -1 |  -1 |                  -1 |   -1 |  -1 |  -1 |      71 |
+----------+------+-----+-----+-----+-----+---------------------+------+-----+-----+---------+
|       10 |   -1 |  -1 |  -1 |  -1 |  -1 |                  -1 |   -1 |  -1 |  -1 |      60 |
+----------+------+-----+-----+-----+-----+---------------------+------+-----+-----+---------+
|       11 |   -1 |  -1 |  -1 |  -1 |  -1 |                  -1 |   -1 |  -1 |  -1 |      60 |
+----------+------+-----+-----+-----+-----+---------------------+------+-----+-----+---------+
|       12 |   -1 |  -1 |  -1 |  -1 |  -1 |                  -1 |   -1 |  -1 |  -1 |      60 |
+----------+------+-----+-----+-----+-----+---------------------+------+-----+-----+---------+
|       13 |   -1 |  -1 |  -1 |  -1 |  -1 |                  -1 |   -1 |  -1 |  -1 |      60 |
+----------+------+-----+-----+-----+-----+---------------------+------+-----+-----+---------+
|       14 |   -1 |  -1 |  -1 |  -1 |  -1 |                  -1 |   -1 |  -1 |  -1 |      60 |
+----------+------+-----+-----+-----+-----+---------------------+------+-----+-----+---------+
|       15 |   -1 |  -1 |  -1 |  -1 |  -1 |                  -1 |   -1 |  -1 |  -1 |      60 |
+----------+------+-----+-----+-----+-----+---------------------+------+-----+-----+---------+
|       16 |   -1 |  -1 |  -1 |  -1 |  -1 |                  -1 |   -1 |  -1 |  -1 |      60 |
+----------+------+-----+-----+-----+-----+---------------------+------+-----+-----+---------+